                            OLS Regression Results                            
==============================================================================
Dep. Variable:           Daily_Return   R-squared:                       0.980
Model:                            OLS   Adj. R-squared:                  0.980
Method:                 Least Squares   F-statistic:                 1.336e+04
Date:                Tue, 27 Aug 2024   Prob (F-statistic):               0.00
Time:                        19:32:55   Log-Likelihood:                 71852.
No. Observations:               14508   AIC:                        -1.436e+05
Df Residuals:                   14453   BIC:                        -1.432e+05
Df Model:                          54                                         
Covariance Type:            nonrobust                                         
===========================================================================================================
                                              coef    std err          t      P>|t|      [0.025      0.975]
-----------------------------------------------------------------------------------------------------------
const                                       0.0002   1.42e-05     17.303      0.000       0.000       0.000
High                                        0.0109      0.003      4.218      0.000       0.006       0.016
Low                                        -0.0050      0.002     -2.100      0.036      -0.010      -0.000
Volume                                     -0.0004   9.34e-05     -4.589      0.000      -0.001      -0.000
Lagged_Return_1                            -0.0065   5.24e-05   -123.111      0.000      -0.007      -0.006
Lagged_Return_2                            -0.0103   6.47e-05   -159.404      0.000      -0.010      -0.010
Lagged_Return_3                            -0.0095   9.48e-05    -99.868      0.000      -0.010      -0.009
Lagged_Return_4                            -0.0085      0.000    -67.830      0.000      -0.009      -0.008
Lagged_Return_5                            -0.0057    7.9e-05    -72.112      0.000      -0.006      -0.006
Lagged_Return_6                            -0.0092      0.000    -87.186      0.000      -0.009      -0.009
Lagged_Return_7                            -0.0095   9.51e-05   -100.193      0.000      -0.010      -0.009
Lagged_Return_8                            -0.0098    8.5e-05   -115.681      0.000      -0.010      -0.010
Lagged_Return_9                            -0.0102    7.5e-05   -135.357      0.000      -0.010      -0.010
Lagged_Return_10                           -0.0017   7.62e-05    -22.380      0.000      -0.002      -0.002
Lagged_Return_11                            0.0030   9.91e-05     30.180      0.000       0.003       0.003
Lagged_Return_12                            0.0027   9.05e-05     30.295      0.000       0.003       0.003
Lagged_Return_13                            0.0024   8.18e-05     29.132      0.000       0.002       0.003
Lagged_Return_14                            0.0021   7.42e-05     28.419      0.000       0.002       0.002
Lagged_Return_15                            0.0019   6.71e-05     27.675      0.000       0.002       0.002
Lagged_Return_16                            0.0015   6.09e-05     25.179      0.000       0.001       0.002
Lagged_Return_17                            0.0013   5.61e-05     22.974      0.000       0.001       0.001
Lagged_Return_18                            0.0010   5.28e-05     18.797      0.000       0.001       0.001
Lagged_Return_19                            0.0007   5.19e-05     14.291      0.000       0.001       0.001
Lagged_Return_20                         6.229e-05   1.52e-05      4.093      0.000    3.25e-05    9.21e-05
Lagged_Return_21                           -0.0028   4.21e-05    -65.691      0.000      -0.003      -0.003
MA_5                                       -0.0199      0.003     -6.503      0.000      -0.026      -0.014
MA_10                                       0.0087      0.002      3.706      0.000       0.004       0.013
MA_50                                       0.0063      0.001      9.872      0.000       0.005       0.008
STD_10                                     -0.0007    3.7e-05    -18.699      0.000      -0.001      -0.001
STD_20                                     -0.0001   3.29e-05     -4.134      0.000      -0.000   -7.14e-05
STD_50                                      0.0002   3.14e-05      5.710      0.000       0.000       0.000
STD_100                                     0.0002   3.23e-05      6.381      0.000       0.000       0.000
RSI_14                                   -8.03e-05   3.24e-05     -2.476      0.013      -0.000   -1.67e-05
RSI_56                                      0.0002   4.11e-05      3.689      0.000    7.11e-05       0.000
RSI_70                                     -0.0002   4.05e-05     -5.736      0.000      -0.000      -0.000
Momentum_10                                 0.0439      0.000    213.738      0.000       0.043       0.044
Momentum_20                                -0.0022      0.000     -8.985      0.000      -0.003      -0.002
Momentum_60                                -0.0002   6.36e-05     -3.587      0.000      -0.000      -0.000
Volume_MA_5                                 0.0009      0.000      6.791      0.000       0.001       0.001
Volume_MA_50                               -0.0008      0.000     -7.124      0.000      -0.001      -0.001
Open_Close_Ratio                            0.0002   4.07e-05      5.488      0.000       0.000       0.000
Month                                       0.0001   6.02e-05      2.180      0.029    1.32e-05       0.000
Quarter                                    -0.0001   6.02e-05     -2.060      0.039      -0.000   -5.99e-06
Day_of_Week                              2.963e-05   1.43e-05      2.067      0.039    1.53e-06    5.77e-05
Momentum_10_MA_5                            0.0003   4.53e-05      6.587      0.000       0.000       0.000
Momentum_20_MA_10                          -0.0012      5e-05    -23.710      0.000      -0.001      -0.001
Momentum_60_MA_20                           0.0002   4.34e-05      5.154      0.000       0.000       0.000
RSI_14_STD_20                               0.0003   2.42e-05     10.674      0.000       0.000       0.000
MA_10_over_STD_10                       -9.054e-05   2.13e-05     -4.249      0.000      -0.000   -4.88e-05
MA_5_over_MA_20                            -0.0117      0.000    -27.419      0.000      -0.013      -0.011
MA_10_over_MA_50                           -0.0004   5.45e-05     -7.492      0.000      -0.001      -0.000
MA_20_over_MA_100                           0.0005   5.41e-05      9.480      0.000       0.000       0.001
Lagged_Return_1_minus_Lagged_Return_5      -0.0005   2.02e-05    -26.756      0.000      -0.001      -0.001
Lagged_Return_1_times_Lagged_Return_5      -0.0001   1.45e-05     -9.359      0.000      -0.000      -0.000
Lagged_Return_1_minus_Lagged_Return_10     -0.0034      2e-05   -170.338      0.000      -0.003      -0.003
Lagged_Return_1_times_Lagged_Return_10   5.096e-05   1.46e-05      3.488      0.000    2.23e-05    7.96e-05
Lagged_Return_1_minus_Lagged_Return_21     -0.0026    9.4e-06   -278.963      0.000      -0.003      -0.003
Lagged_Return_5_minus_Lagged_Return_10     -0.0028   1.34e-05   -211.225      0.000      -0.003      -0.003
Lagged_Return_5_minus_Lagged_Return_21     -0.0021   2.75e-05    -76.315      0.000      -0.002      -0.002
Lagged_Return_10_minus_Lagged_Return_21     0.0008   2.56e-05     29.421      0.000       0.001       0.001
Lagged_Return_10_times_Lagged_Return_21  3.646e-05   1.45e-05      2.520      0.012     8.1e-06    6.48e-05
==============================================================================
Omnibus:                    17711.675   Durbin-Watson:                   0.768
Prob(Omnibus):                  0.000   Jarque-Bera (JB):          8057027.003
Skew:                          -6.121   Prob(JB):                         0.00
Kurtosis:                     117.798   Cond. No.                     1.46e+16
==============================================================================

Notes:
[1] Standard Errors assume that the covariance matrix of the errors is correctly specified.
[2] The smallest eigenvalue is 7.2e-28. This might indicate that there are
strong multicollinearity problems or that the design matrix is singular.