                            OLS Regression Results                            
==============================================================================
Dep. Variable:           Daily_Return   R-squared:                       0.980
Model:                            OLS   Adj. R-squared:                  0.980
Method:                 Least Squares   F-statistic:                     9750.
Date:                Tue, 27 Aug 2024   Prob (F-statistic):               0.00
Time:                        19:23:22   Log-Likelihood:                 71863.
No. Observations:               14508   AIC:                        -1.436e+05
Df Residuals:                   14433   BIC:                        -1.430e+05
Df Model:                          74                                         
Covariance Type:            nonrobust                                         
===========================================================================================================
                                              coef    std err          t      P>|t|      [0.025      0.975]
-----------------------------------------------------------------------------------------------------------
const                                       0.0002   1.42e-05     17.303      0.000       0.000       0.000
Open                                     9.115e-05      0.000      0.853      0.394      -0.000       0.000
High                                        0.0071      0.006      1.111      0.267      -0.005       0.020
Low                                        -0.0053      0.006     -0.845      0.398      -0.018       0.007
Close                                       0.0040      0.003      1.557      0.119      -0.001       0.009
Volume                                     -0.0005   9.91e-05     -4.543      0.000      -0.001      -0.000
Dividends                                 4.85e-17   1.55e-16      0.313      0.754   -2.55e-16    3.52e-16
Stock Splits                            -3.694e-16   1.32e-16     -2.809      0.005   -6.27e-16   -1.12e-16
Lagged_Return_1                            -0.0065   5.47e-05   -118.115      0.000      -0.007      -0.006
Lagged_Return_2                            -0.0103   6.72e-05   -153.373      0.000      -0.010      -0.010
Lagged_Return_3                            -0.0095   9.86e-05    -96.033      0.000      -0.010      -0.009
Lagged_Return_4                            -0.0085      0.000    -65.213      0.000      -0.009      -0.008
Lagged_Return_5                            -0.0057   8.23e-05    -69.271      0.000      -0.006      -0.006
Lagged_Return_6                            -0.0092      0.000    -84.005      0.000      -0.009      -0.009
Lagged_Return_7                            -0.0095   9.85e-05    -96.598      0.000      -0.010      -0.009
Lagged_Return_8                            -0.0098   8.79e-05   -111.679      0.000      -0.010      -0.010
Lagged_Return_9                            -0.0101   7.75e-05   -130.705      0.000      -0.010      -0.010
Lagged_Return_10                           -0.0017   7.94e-05    -21.579      0.000      -0.002      -0.002
Lagged_Return_11                            0.0030      0.000     28.854      0.000       0.003       0.003
Lagged_Return_12                            0.0027   9.38e-05     29.007      0.000       0.003       0.003
Lagged_Return_13                            0.0024   8.48e-05     27.899      0.000       0.002       0.003
Lagged_Return_14                            0.0021   7.74e-05     27.025      0.000       0.002       0.002
Lagged_Return_15                            0.0018   6.98e-05     26.304      0.000       0.002       0.002
Lagged_Return_16                            0.0015   6.32e-05     23.946      0.000       0.001       0.002
Lagged_Return_17                            0.0013   5.81e-05     21.815      0.000       0.001       0.001
Lagged_Return_18                            0.0010   5.44e-05     17.852      0.000       0.001       0.001
Lagged_Return_19                            0.0007   5.32e-05     13.534      0.000       0.001       0.001
Lagged_Return_20                         6.712e-05   1.55e-05      4.333      0.000    3.68e-05    9.75e-05
Lagged_Return_21                           -0.0028   4.39e-05    -63.018      0.000      -0.003      -0.003
MA_5                                       -0.0178      0.003     -5.532      0.000      -0.024      -0.011
MA_10                                       0.0042      0.003      1.253      0.210      -0.002       0.011
MA_20                                       0.0032      0.002      1.407      0.159      -0.001       0.008
MA_50                                       0.0053      0.001      3.867      0.000       0.003       0.008
MA_100                                      0.0003      0.001      0.372      0.710      -0.001       0.002
STD_5                                    5.243e-05   3.24e-05      1.621      0.105    -1.1e-05       0.000
STD_10                                     -0.0007   4.18e-05    -16.924      0.000      -0.001      -0.001
STD_20                                     -0.0002   4.25e-05     -4.204      0.000      -0.000   -9.52e-05
STD_50                                      0.0002   3.44e-05      4.888      0.000       0.000       0.000
STD_100                                     0.0002   3.73e-05      5.392      0.000       0.000       0.000
RSI_14                                  -8.745e-05   4.07e-05     -2.150      0.032      -0.000   -7.74e-06
RSI_28                                  -3.913e-05   3.66e-05     -1.070      0.285      -0.000    3.25e-05
RSI_42                                   8.059e-05   4.62e-05      1.745      0.081   -9.95e-06       0.000
RSI_56                                      0.0001   4.75e-05      2.441      0.015    2.28e-05       0.000
RSI_70                                     -0.0002   4.31e-05     -5.362      0.000      -0.000      -0.000
Momentum_10                                 0.0437      0.000    203.333      0.000       0.043       0.044
Momentum_20                                -0.0021      0.000     -8.222      0.000      -0.003      -0.002
Momentum_60                                -0.0002    7.1e-05     -3.093      0.002      -0.000   -8.05e-05
Volume_MA_5                                 0.0007      0.000      3.212      0.001       0.000       0.001
Volume_MA_10                                0.0005      0.000      1.780      0.075    -4.9e-05       0.001
Volume_MA_20                               -0.0001      0.000     -0.440      0.660      -0.001       0.000
Volume_MA_50                               -0.0009      0.000     -4.369      0.000      -0.001      -0.001
Open_Close_Ratio                            0.0002      0.000      1.392      0.164   -7.01e-05       0.000
High_Low_Ratio                           3.281e-05      0.000      0.281      0.779      -0.000       0.000
Month                                       0.0001   6.36e-05      1.914      0.056   -2.94e-06       0.000
Quarter                                    -0.0001   6.13e-05     -1.957      0.050      -0.000    1.73e-07
Day_of_Week                              4.216e-05   2.25e-05      1.871      0.061   -2.01e-06    8.63e-05
Momentum_10_MA_5                            0.0003   4.61e-05      6.641      0.000       0.000       0.000
Momentum_20_MA_10                          -0.0012   5.49e-05    -21.858      0.000      -0.001      -0.001
Momentum_60_MA_20                           0.0002   5.17e-05      4.465      0.000       0.000       0.000
RSI_14_STD_20                               0.0003   3.45e-05      8.151      0.000       0.000       0.000
RSI_28_STD_50                            4.429e-06   3.49e-05      0.127      0.899    -6.4e-05    7.29e-05
RSI_42_STD_100                          -7.592e-06   3.33e-05     -0.228      0.820   -7.29e-05    5.77e-05
MA_5_over_STD_5                          2.996e-06   1.95e-05      0.153      0.878   -3.53e-05    4.13e-05
MA_10_over_STD_10                       -7.729e-05   2.56e-05     -3.021      0.003      -0.000   -2.71e-05
MA_20_over_STD_20                       -4.552e-05   3.08e-05     -1.480      0.139      -0.000    1.48e-05
MA_5_over_MA_20                            -0.0116      0.000    -26.088      0.000      -0.012      -0.011
MA_10_over_MA_50                           -0.0005   7.04e-05     -6.897      0.000      -0.001      -0.000
MA_20_over_MA_100                           0.0005   5.95e-05      8.885      0.000       0.000       0.001
Lagged_Return_1_minus_Lagged_Return_5      -0.0005   2.09e-05    -25.700      0.000      -0.001      -0.000
Lagged_Return_1_times_Lagged_Return_5      -0.0001   1.47e-05     -9.033      0.000      -0.000      -0.000
Lagged_Return_1_minus_Lagged_Return_10     -0.0034   2.07e-05   -164.002      0.000      -0.003      -0.003
Lagged_Return_1_times_Lagged_Return_10   5.258e-05   1.46e-05      3.591      0.000    2.39e-05    8.13e-05
Lagged_Return_1_minus_Lagged_Return_21     -0.0026   9.72e-06   -269.592      0.000      -0.003      -0.003
Lagged_Return_1_times_Lagged_Return_21   2.478e-06   1.44e-05      0.172      0.864   -2.58e-05    3.08e-05
Lagged_Return_5_minus_Lagged_Return_10     -0.0028   1.37e-05   -207.287      0.000      -0.003      -0.003
Lagged_Return_5_times_Lagged_Return_10  -1.556e-05   1.48e-05     -1.049      0.294   -4.46e-05    1.35e-05
Lagged_Return_5_minus_Lagged_Return_21     -0.0021   2.86e-05    -73.539      0.000      -0.002      -0.002
Lagged_Return_5_times_Lagged_Return_21  -1.413e-05   1.45e-05     -0.977      0.329   -4.25e-05    1.42e-05
Lagged_Return_10_minus_Lagged_Return_21     0.0007   2.66e-05     28.103      0.000       0.001       0.001
Lagged_Return_10_times_Lagged_Return_21  3.783e-05   1.45e-05      2.606      0.009    9.37e-06    6.63e-05
Month_times_Close                        2.591e-05   3.96e-05      0.654      0.513   -5.18e-05       0.000
Quarter_times_Open                      -3.871e-05   3.99e-05     -0.970      0.332      -0.000    3.95e-05
Day_of_Week_times_High                  -2.177e-05   3.08e-05     -0.708      0.479    -8.2e-05    3.85e-05
==============================================================================
Omnibus:                    17726.211   Durbin-Watson:                   0.772
Prob(Omnibus):                  0.000   Jarque-Bera (JB):          8098278.714
Skew:                          -6.129   Prob(JB):                         0.00
Kurtosis:                     118.093   Cond. No.                     1.80e+16
==============================================================================

Notes:
[1] Standard Errors assume that the covariance matrix of the errors is correctly specified.
[2] The smallest eigenvalue is 8.24e-28. This might indicate that there are
strong multicollinearity problems or that the design matrix is singular.